
1 [5, 0, 0, 0];
2 [4, 1, 0, 0];
3 [3, 2, 0, 0];
4 [2, 3, 0, 0];
5 [1, 4, 0, 0];
6 [0, 5, 0, 0];
7 [4, 0, 1, 0];
8 [3, 1, 1, 0];
9 [2, 2, 1, 0];
10 [1, 3, 1, 0];
11 [0, 4, 1, 0];
12 [3, 0, 2, 0];
13 [2, 1, 2, 0];
14 [1, 2, 2, 0];
15 [0, 3, 2, 0];
16 [2, 0, 3, 0];
17 [1, 1, 3, 0];
18 [0, 2, 3, 0];
19 [1, 0, 4, 0];
20 [0, 1, 4, 0];
21 [0, 0, 5, 0];
22 [4, 0, 0, 1];
23 [3, 1, 0, 1];
24 [2, 2, 0, 1];
25 [1, 3, 0, 1];
26 [0, 4, 0, 1];
27 [3, 0, 1, 1];
28 [2, 1, 1, 1];
29 [1, 2, 1, 1];
30 [0, 3, 1, 1];
31 [2, 0, 2, 1];
32 [1, 1, 2, 1];
33 [0, 2, 2, 1];
34 [1, 0, 3, 1];
35 [0, 1, 3, 1];
36 [0, 0, 4, 1];
37 [3, 0, 0, 2];
38 [2, 1, 0, 2];
39 [1, 2, 0, 2];
40 [0, 3, 0, 2];
41 [2, 0, 1, 2];
42 [1, 1, 1, 2];
43 [0, 2, 1, 2];
44 [1, 0, 2, 2];
45 [0, 1, 2, 2];
46 [0, 0, 3, 2];
47 [2, 0, 0, 3];
48 [1, 1, 0, 3];
49 [0, 2, 0, 3];
50 [1, 0, 1, 3];
51 [0, 1, 1, 3];
52 [0, 0, 2, 3];
53 [1, 0, 0, 4];
54 [0, 1, 0, 4];
55 [0, 0, 1, 4];
56 [0, 0, 0, 5];